-201.564 -198.620   -27.683     0.251     4.755    23.147    16.443    12.146
-198.620 -195.676   -39.015   -62.897     2.745    23.064    15.777    12.117
-195.676 -192.732   -19.718    -7.289    -3.084    23.206    16.365    12.035
-192.732 -189.788   -67.891   -33.770    -9.606    22.850    16.088    11.943
-189.788 -186.844   -27.086   -23.458    18.074    23.152    16.196    12.330
-186.844 -183.900   -15.506   -35.530   -15.078    23.237    16.069    11.865
-183.900 -180.956    -6.359    -7.666   -11.651    23.303    16.361    11.914
-180.956 -178.012    -3.261    -6.926    -3.757    23.326    16.369    12.026
-178.012 -175.068   -33.210   -15.863     8.882    23.107    16.276    12.203
-175.068 -172.124    -2.789    22.904     6.114    23.329    16.675    12.165
-172.124 -169.180    -3.251    15.686    -2.089    23.326    16.602    12.049
-169.180 -166.236    -4.647    -5.944     9.535    23.316    16.379    12.212
-166.236 -163.292    14.446    14.976   -14.056    23.454    16.595    11.880
-163.292 -160.348   -11.406     0.279     9.558    23.266    16.443    12.212
-160.348 -157.404     2.959    -7.673    -1.766    23.371    16.361    12.054
-157.404 -154.460    42.728     0.622   -11.624    23.658    16.447    11.914
-154.460 -151.516    19.830    13.733     9.266    23.493    16.582    12.208
-151.516 -148.572    -7.354    18.407   -14.406    23.296    16.630    11.875
-148.572 -145.628    38.618    -8.621    19.844    23.629    16.351    12.355
-145.628 -142.684     0.635    -1.135     3.373    23.354    16.429    12.126
-142.684 -139.740    -1.909    31.345   -23.016    23.336    16.761    11.751
-139.740 -136.796   -16.138   -22.945    27.796    23.232    16.202    12.464
-136.796 -133.852    -1.997   -12.870   -12.368    23.335    16.307    11.904
-133.852 -130.908    -6.056     0.136   -26.393    23.306    16.442    11.702
-130.908 -127.964   -28.088    -5.268    -8.920    23.144    16.386    11.953
-127.964 -125.020   -27.126   -47.069    23.295    23.151    15.947    12.402
-125.020 -122.076   -56.185   -33.791    -6.892    22.937    16.088    11.982
-122.076 -119.132   -54.949   -42.133   -11.719    22.946    15.999    11.913
-119.132 -116.188   -14.606     4.039   -13.026    23.243    16.482    11.894
-116.188 -113.244   -46.253   -19.789    -5.221    23.011    16.235    12.005
-113.244 -110.300   -27.364    -2.507    -9.603    23.150    16.415    11.943
-110.300 -107.356   -21.607   -32.041   -20.876    23.192    16.106    11.782
-107.356 -104.412   -30.231   -13.849    15.003    23.129    16.297    12.288
-104.412 -101.468   -21.162   -14.474     9.569    23.195    16.290    12.213
-101.468  -98.524     0.761   -27.303   -19.205    23.355    16.156    11.806
 -98.524  -95.580   -54.348   -19.022    -9.952    22.951    16.243    11.938
 -95.580  -92.636     1.148   -19.382   -24.657    23.358    16.239    11.727
 -92.636  -89.692   -36.953    -3.482    -0.020    23.079    16.405    12.079
 -89.692  -86.748    22.979   -50.326   -13.421    23.516    15.912    11.889
 -86.748  -83.804     3.791     7.113    -5.503    23.377    16.514    12.001
 -83.804  -80.860     9.042   -25.577   -14.755    23.415    16.174    11.870
 -80.860  -77.916     6.369   -15.944    -8.264    23.396    16.275    11.962
 -77.916  -74.972    -0.652   -15.285   -14.090    23.345    16.282    11.879
 -74.972  -72.028    37.147     2.354    -8.556    23.618    16.465    11.958
 -72.028  -69.084    -3.393    -6.172    23.961    23.325    16.377    12.411
 -69.084  -66.140   -31.444   -18.927     8.577    23.120    16.244    12.199
 -66.140  -63.196   -30.917    -0.476    -7.931    23.124    16.436    11.967
 -63.196  -60.252     9.113   -24.490   -12.666    23.416    16.186    11.899
 -60.252  -57.308    69.562     4.650   -10.319    23.850    16.489    11.933
 -57.308  -54.364     8.376     1.359    17.126    23.410    16.455    12.317
 -54.364  -51.420     8.376     1.359    17.126    23.410    16.455    12.317
 -45.532  -42.588    28.397    -8.397    -9.307    23.555    16.354    11.947
 -42.588  -39.644    -1.637    -2.368    17.497    23.338    16.416    12.322
 -39.644  -36.700    25.910   -24.008     0.761    23.537    16.191    12.090
 -36.700  -33.756     4.453    -3.122     8.543    23.382    16.408    12.198
 -33.756  -30.812    26.980     6.515    20.890    23.545    16.508    12.369
 -30.812  -27.868    21.590   -11.084     0.313    23.506    16.326    12.083
 -27.868  -24.924   -49.531    -8.760    -4.521    22.987    16.350    12.015
 -24.924  -21.980    19.273    -6.933    11.967    23.489    16.369    12.246
 -21.980  -19.036    10.000    -2.079    13.689    23.422    16.419    12.270
 -19.036  -16.092   -18.224   -17.836     9.287    23.217    16.255    12.209
 -16.092  -13.148   -34.219   -22.711    26.012    23.099    16.204    12.439
 -13.148  -10.204    -7.537    17.422    25.965    23.295    16.620    12.439
 -10.204   -7.260    13.237    12.204   -12.711    23.446    16.566    11.899
  -7.260   -4.316   -13.865     4.759    -4.103    23.249    16.490    12.021
  -4.316   -1.372     2.663   -16.933     3.390    23.369    16.265    12.126
  -1.372    1.572   -35.455    -4.402     9.314    23.090    16.395    12.209
   1.572    4.516    30.452    17.768   -14.718    23.570    16.623    11.870
   4.516    7.460    30.166    -0.163   -10.666    23.568    16.439    11.928
   7.460   10.404    -4.351   -27.381    32.235    23.318    16.155    12.524
  10.404   13.348   -33.224   -27.150     5.160    23.107    16.158    12.151
  13.348   16.292   -23.906     0.938    -8.590    23.175    16.450    11.957
  16.292   19.236    -9.569    31.216     1.029    23.280    16.760    12.093
  19.236   22.180   -13.271   -12.116     7.829    23.253    16.315    12.188
  22.180   25.124   -17.602    19.192   -13.685    23.221    16.638    11.885
  25.124   28.068    -4.158     1.335    16.067    23.319    16.454    12.303
  28.068   31.012    -4.158     1.335    16.067    23.319    16.454    12.303
  31.012   33.956    19.620     1.349     1.036    23.492    16.454    12.093
  33.956   36.900     8.699    24.348     0.007    23.413    16.690    12.079
  36.900   39.844   -16.461    -5.099    16.481    23.230    16.388    12.308
  39.844   42.788    23.835    -5.493     9.276    23.522    16.384    12.209
  42.788   45.732    56.033    -2.065    21.923    23.754    16.419    12.383
  45.732   48.676    21.019    15.370     1.678    23.502    16.599    12.102
  48.676   51.620   -34.280    -2.130   -11.630    23.099    16.419    11.914
  51.620   54.564    11.800    -7.520     9.620    23.435    16.363    12.213
  54.564   57.508    21.851    -1.994     0.747    23.508    16.420    12.089
  57.508   60.452    21.763    15.730   -12.656    23.507    16.602    11.900
  60.452   63.396   -23.702     9.939     6.851    23.177    16.543    12.175
  63.396   66.340   -26.101    -7.510     3.832    23.159    16.363    12.133
  66.340   69.284   -14.120    20.897    -0.374    23.247    16.655    12.074
  69.284   72.228    -5.791     9.239     2.738    23.307    16.536    12.117
  72.228   75.172    11.036   -17.082   -23.363    23.430    16.263    11.746
  75.172   78.116    10.744    22.585   -20.540    23.428    16.672    11.786
  78.116   81.060    21.033    15.044    -0.707    23.502    16.595    12.069
  81.060   84.004   -17.972    23.485    35.669    23.219    16.681    12.570
  84.004   86.948   -10.564    43.543   -14.721    23.273    16.884    11.870
  86.948   89.892    10.462    15.808     7.894    23.426    16.603    12.189
  89.892   92.836     3.736     1.281   -17.432    23.377    16.454    11.831
  92.836   95.780   -33.645   -14.212   -32.167    23.104    16.293    11.618
  95.780   98.724   -22.418    22.208   -14.742    23.186    16.668    11.870
  98.724  101.668    14.263    11.647    -4.083    23.453    16.560    12.021
 101.668  104.612     1.902   -20.367    -2.439    23.363    16.229    12.044
 104.612  107.556    30.082    -2.089     1.722    23.567    16.419    12.103
 107.556  110.500   -46.033   -11.118    -4.147    23.012    16.325    12.020
 110.500  113.444    15.808    -1.753   -12.986    23.464    16.422    11.895
 113.444  116.388   -38.628    33.237    -3.794    23.067    16.780    12.025
 116.388  119.332   -29.263   -16.980    -5.540    23.136    16.264    12.001
 119.332  122.276   -12.208   -17.629   -14.382    23.261    16.257    11.875
 122.276  125.220     0.384     3.026     7.853    23.352    16.472    12.189
 125.220  128.164   -30.510   -16.562     4.086    23.127    16.269    12.136
 128.164  131.108   -38.550     5.815   -13.631    23.068    16.501    11.886
 131.108  134.052    11.097     2.707    10.941    23.430    16.469    12.232
 134.052  136.996    38.193   -19.219    10.978    23.626    16.241    12.232
 136.996  139.940    37.429     0.041    15.455    23.620    16.441    12.294
 139.940  142.884    30.686     8.512    -3.091    23.572    16.528    12.035
 142.884  145.828    -2.164   -25.819    14.687    23.334    16.172    12.284
 145.828  148.772     5.292    11.997    -5.132    23.388    16.564    12.006
 148.772  151.716    15.418   -17.945    -3.101    23.461    16.254    12.035
 151.716  154.660    12.510    -5.693   -29.830    23.440    16.382    11.652
 154.660  157.604    16.365    21.661    15.075    23.468    16.663    12.289
 157.604  160.548   -17.897     6.145    -1.352    23.219    16.504    12.060
 160.548  163.492    20.367   -11.332     7.211    23.497    16.323    12.180
 163.492  166.436    40.571    31.624    -3.373    23.643    16.764    12.031
 166.436  169.380    26.396    -2.255   -28.454    23.541    16.417    11.672
 169.380  172.324     0.421   -12.310    12.734    23.353    16.313    12.257
 172.324  175.268   -12.697    19.905    19.511    23.257    16.645    12.350
 175.268  178.212    -8.879    18.865    11.284    23.285    16.634    12.236
 178.212  181.156    -5.367    -8.723     9.844    23.311    16.350    12.216
 181.156  184.100     8.308    -1.760     7.850    23.410    16.422    12.189
 184.100  187.044    32.398   -17.147    19.531    23.584    16.262    12.350
 187.044  189.988   -17.673    -7.639    21.182    23.221    16.361    12.373
 189.988  192.932   -14.429    24.327    -2.065    23.244    16.690    12.050
 192.932  195.876    12.874    23.655    15.730    23.443    16.683    12.298
 195.876  198.820    53.329    28.454     8.852    23.734    16.732    12.203
 198.820  201.764   -21.963    20.272     4.110    23.189    16.649    12.136
 201.764  204.708     0.900     1.926   -20.557    23.356    16.460    11.786
 204.708  207.652    -6.994    37.823    -1.671    23.299    16.827    12.055
 207.652  210.596     2.500    33.896    -6.546    23.368    16.787    11.986
 210.596  213.540   -12.079     0.628     0.333    23.262    16.447    12.084
 213.540  216.484     1.851   -33.098     1.325    23.363    16.095    12.097
 216.484  219.428    52.507    -5.846     7.534    23.728    16.380    12.184
 219.428  222.372    -0.676   -15.428    -1.342    23.345    16.280    12.060
 222.372  225.316   -27.374    -0.819   -24.993    23.150    16.432    11.722
 225.316  228.260   -47.714    -0.795    -5.526    23.000    16.432    12.001
 228.260  231.204   -48.736   -18.227    18.156    22.992    16.251    12.331
 231.204  234.148    22.741    -6.936     9.908    23.514    16.369    12.217
 234.148  237.092    -7.938    20.540     3.050    23.292    16.651    12.122
 237.092  240.036    26.240   -21.264    -0.965    23.540    16.219    12.065
 240.036  242.980   -26.593    -4.484    17.796    23.155    16.394    12.327
 242.980  245.924   -22.853    -9.012    -6.498    23.183    16.347    11.987
 245.924  248.868   -12.962   -13.821     3.064    23.255    16.297    12.122
 248.868  251.812     2.252    11.858   -13.071    23.366    16.563    11.894
 251.812  254.756   -25.482    25.306   -10.319    23.164    16.700    11.933
 254.756  257.700    37.666    11.661    -7.833    23.622    16.561    11.968
 257.700  260.644    -9.677   -24.922   -18.556    23.279    16.181    11.815
 260.644  263.588    20.683   -13.767    -6.138    23.500    16.298    11.992
 263.588  266.532    13.329    21.692    13.740    23.446    16.663    12.271
 266.532  269.476    21.491    -2.418    21.223    23.505    16.416    12.374
 269.476  272.420    -0.065   -15.166     4.779    23.349    16.283    12.146
 272.420  275.364     8.563   -16.179   -22.884    23.412    16.273    11.753
 275.364  278.308    18.139     9.117   -13.740    23.481    16.534    11.884
 278.308  281.252   -36.491    21.607     3.410    23.083    16.662    12.127
 281.252  284.196     8.006    11.287    -1.029    23.408    16.557    12.064
 284.196  287.140     9.263     8.825    -1.070    23.417    16.531    12.064
 287.140  290.084   -36.906   -19.918     1.073    23.080    16.233    12.094
 290.084  293.028    14.463    -3.774    28.740    23.455    16.402    12.476
 293.028  295.972   -12.418    -6.923    -0.686    23.259    16.369    12.069
 295.972  298.916    -3.777    10.907   -13.349    23.322    16.553    11.890
 298.916  301.860    17.188    -2.863     0.313    23.474    16.411    12.083
 301.860  304.804    24.188    -4.154     2.415    23.525    16.398    12.113
 304.804  307.748    -5.778    18.179     4.113    23.308    16.627    12.137
 307.748  310.692    13.291    -5.459     2.785    23.446    16.384    12.118
 310.692  313.636    37.225    -3.849    -7.534    23.619    16.401    11.972
 313.636  316.580    44.796    52.877    -4.443    23.673    16.978    12.016
 316.580  319.524    18.108    23.713     5.839    23.481    16.684    12.161
 319.524  322.468    27.687    20.207     7.154    23.550    16.648    12.179
 322.468  325.412   -49.990    24.980     3.047    22.983    16.697    12.122
 325.412  328.356   -21.919    -9.426   -11.009    23.190    16.343    11.923
 328.356  331.300     5.092     1.586    -8.584    23.387    16.457    11.958
 331.300  334.244    12.619    -7.683    -1.067    23.441    16.361    12.064
 334.244  337.188   -22.925   -26.189    -7.880    23.182    16.168    11.968
 337.188  340.132   -21.223    28.190     9.939    23.195    16.729    12.218
 340.132  343.076   -45.421   -41.641    -1.026    23.017    16.005    12.064
 343.076  346.020   -30.465   -26.168   -20.489    23.127    16.168    11.787
 346.020  348.964   -38.607    -2.106   -18.781    23.067    16.419    11.812
 348.964  351.908     5.221   -11.182   -12.035    23.388    16.325    11.908
 351.908  354.852     5.146    -8.298     5.462    23.387    16.355    12.155
 354.852  357.796   -43.543    -4.205    10.571    23.031    16.397    12.227
 357.796  360.740    -9.827    30.245     6.552    23.278    16.750    12.171
 360.740  363.684   -18.308   -42.772   -17.850    23.216    15.993    11.825
 363.684  366.628    10.221    -0.808   -24.643    23.424    16.432    11.727
 366.628  369.572    29.046    -1.026    -3.040    23.560    16.430    12.036
 369.572  372.516   -26.906    33.230    -5.849    23.153    16.780    11.996
 372.516  375.460    66.050    47.728    15.374    23.825    16.926    12.293
 375.460  378.404    49.830    35.054     0.333    23.709    16.799    12.084
 378.404  381.348    57.405    57.588   -29.453    23.763    17.025    11.657
 381.348  384.292    13.105   -15.825     8.556    23.445    16.276    12.199
 384.292  387.236    70.924    91.498    29.779    23.860    17.360    12.491
 387.236  390.180    88.692   145.730    13.984    23.986    17.883    12.274
 390.180  393.124   129.980   111.199    16.861    24.277    17.552    12.314
 393.124  396.068   157.683   157.622    36.304    24.470    17.995    12.579
 396.068  399.012    54.606    83.499     8.543    23.743    17.282    12.198
 399.012  401.956    47.993    24.626     8.149    23.696    16.693    12.193
 401.956  404.900   100.696    71.634    41.800    24.071    17.165    12.653
 404.900  407.844    90.642    25.465    10.625    24.000    16.702    12.227
 407.844  410.788   135.812    72.215    -7.809    24.317    17.170    11.969
 410.788  413.732   145.812    91.732    11.610    24.387    17.362    12.241
 413.732  416.676   122.388   106.861    11.610    24.223    17.510    12.241
 422.564  425.508    11.121    41.447     0.306    23.430    16.863    12.083
 425.508  428.452    -4.810   -25.211    -8.954    23.315    16.178    11.952
 428.452  431.396    12.626    -1.464    -3.815    23.441    16.425    12.025
 431.396  434.340    23.774    -0.058    11.960    23.522    16.440    12.246
 434.340  437.284    -6.583    31.454   -15.452    23.302    16.762    11.860
 437.284  440.228    17.999    17.422     5.065    23.480    16.620    12.150
 440.228  443.172   -16.257     9.497   -25.007    23.231    16.538    11.722
 443.172  446.116   -18.281    14.331    10.224    23.216    16.588    12.222
 446.116  449.060    11.906   -14.202    -4.487    23.436    16.293    12.016
 449.060  452.004   -12.765    19.806   -11.335    23.257    16.644    11.918
 452.004  454.948    30.476    26.732    10.245    23.570    16.714    12.222
 454.948  457.892     6.844    -8.682     6.807    23.399    16.351    12.174
 457.892  460.836   -12.024    -1.430    -3.431    23.262    16.426    12.031
 460.836  463.780    -4.708    -5.642   -15.095    23.315    16.382    11.865
 463.780  466.724   -50.907   -17.999     4.385    22.976    16.254    12.140
 466.724  469.668     2.418    19.069   -11.005    23.367    16.636    11.923
 469.668  472.612   -15.503   -10.710     6.498    23.237    16.330    12.170
 472.612  475.556   -11.793   -11.396   -19.834    23.264    16.322    11.797
 475.556  478.500   -65.669    -4.929     3.713    22.867    16.390    12.131
 478.500  481.444   -49.467   -16.957    12.592    22.987    16.264    12.255
 481.444  484.388   -20.421   -13.519    10.890    23.201    16.300    12.231
 484.388  487.332   -55.594   -22.690    -9.912    22.942    16.204    11.939
 487.332  490.276   -42.276   -30.309     3.043    23.040    16.124    12.122
 490.276  493.220   -29.198   -18.067    -5.217    23.136    16.253    12.005
 493.220  496.164    -3.162   -12.813     2.011    23.327    16.308    12.107
 496.164  499.108    12.327   -49.107    16.783    23.439    15.925    12.313
 499.108  502.052   -15.713    -4.966    -8.607    23.235    16.389    11.957
 502.052  504.996    16.325    -8.801   -21.301    23.468    16.349    11.776
 504.996  507.940   -31.039   -32.853   -28.122    23.123    16.098    11.677
 507.940  510.884   -40.363   -32.812   -14.083    23.054    16.098    11.879
 510.884  513.828   -51.997   -39.606   -10.622    22.968    16.026    11.929
 513.828  516.772   -29.453   -26.498   -18.454    23.134    16.165    11.817
 516.772  519.716   -35.870    18.108    -2.425    23.087    16.627    12.045
 519.716  522.660   -52.792    -1.087    11.260    22.962    16.429    12.236
 522.660  525.604   -35.710   -15.954   -18.522    23.088    16.275    11.816
 525.604  528.548     6.590    17.415    -8.244    23.397    16.619    11.962
 528.548  531.492   -22.942    -0.530   -12.395    23.182    16.435    11.903
 531.492  534.436   -24.514     0.625     2.711    23.171    16.447    12.117
 534.436  537.380    -0.217    -4.806    -2.014    23.348    16.391    12.050
 537.380  540.324     6.957    -3.832    -2.035    23.400    16.401    12.050
 540.324  543.268     7.045    25.031   -10.265    23.401    16.697    11.934
 543.268  546.212    27.799    -3.271    -1.793    23.551    16.407    12.054
 546.212  549.156   -35.662   -13.485    -5.153    23.089    16.301    12.006
 549.156  552.100   -24.110    15.061     6.481    23.174    16.595    12.170
 552.100  555.044    15.849     5.764     2.018    23.465    16.500    12.107
 555.044  557.988    -0.126   -24.127     5.459    23.349    16.189    12.155
 557.988  560.932    22.058    -2.133     6.461    23.510    16.419    12.169
 560.932  563.876   -33.818     6.746    -7.561    23.102    16.510    11.972
 563.876  566.820    52.432   -29.552     4.813    23.728    16.132    12.146
 566.820  569.764    -9.908   -21.437    -2.130    23.277    16.218    12.049
 569.764  572.708     7.585    -3.183   -16.427    23.405    16.408    11.846
 572.708  575.652     0.482    21.970    18.811    23.353    16.666    12.340
 575.652  578.596    24.096    11.206    -5.180    23.524    16.556    12.006
 578.596  581.540   -21.444   -20.299    -4.772    23.193    16.230    12.012
 581.540  584.484    14.596    -7.897    20.550    23.456    16.359    12.364
 584.484  587.428    23.336     1.603     0.632    23.519    16.457    12.088
 587.428  590.372    -1.790    -9.684    15.710    23.337    16.340    12.298
 590.372  593.316    -6.525     1.668    10.591    23.302    16.458    12.227
 593.316  596.260     2.327   -30.296     6.488    23.367    16.125    12.170
 596.260  599.204   -26.050    -3.247   -11.019    23.159    16.407    11.923
 599.204  602.148   -12.191     2.643   -13.376    23.261    16.468    11.889
 602.148  605.092   -10.564   -19.365    -9.966    23.273    16.239    11.938
 605.092  608.036     3.003   -16.950    -4.830    23.371    16.265    12.011
 608.036  610.980    -9.986     8.505   -11.311    23.277    16.528    11.919
 610.980  613.924   -84.762   -16.685   -16.172    22.725    16.267    11.849
 613.924  616.868   -45.146    -9.253    16.450    23.019    16.345    12.308
 616.868  619.812   -52.225   -25.856     7.486    22.967    16.171    12.184
 619.812  622.756   -40.302    12.622     1.005    23.055    16.570    12.093
 622.756  625.700     3.655    -5.326   -10.673    23.376    16.385    11.928
 625.700  628.644     0.907     6.012     6.423    23.356    16.503    12.169
 628.644  631.588   -10.428   -13.139    -0.017    23.274    16.304    12.079
 631.588  634.532     3.421     9.477   -31.841    23.374    16.538    11.623
 634.532  637.476    11.899   -24.830    -0.075    23.436    16.182    12.078
 637.476  640.420   -30.594    24.327     3.736    23.126    16.690    12.131
 640.420  643.364   -16.338    -2.500    -2.799    23.230    16.415    12.039
 643.364  646.308     0.564    10.149   -19.905    23.354    16.545    11.796
 646.308  649.252   -13.526     0.944    -0.031    23.251    16.450    12.078
 649.252  652.196   -40.795   -17.585    -3.757    23.051    16.258    12.026
 652.196  655.140    21.793   -18.730   -14.103    23.508    16.246    11.879
 655.140  658.084   -41.579    -8.733    -3.471    23.045    16.350    12.030
 658.084  661.028   -12.249     3.247   -14.429    23.260    16.474    11.874
 661.028  663.972     0.642   -13.791     2.738    23.354    16.297    12.117
 663.972  666.916   -54.667    -2.575   -11.359    22.949    16.414    11.918
 666.916  669.860    -3.784   -12.704    15.740    23.322    16.309    12.298
 669.860  672.804   -17.551     1.338   -15.037    23.222    16.454    11.866
 672.804  675.748    -4.929     4.701   -12.354    23.314    16.489    11.904
 675.748  678.692   -51.311   -13.390    16.427    22.973    16.302    12.308
 678.692  681.636     7.215     8.118     2.344    23.402    16.524    12.112
 681.636  684.580   -14.609    -5.628    16.692    23.243    16.382    12.311
 684.580  687.524   -12.891   -26.525     6.121    23.256    16.164    12.165
 687.524  690.468    -9.562   -13.533   -16.454    23.280    16.300    11.845
 690.468  693.412   -22.565     4.626   -12.734    23.185    16.488    11.898
 693.412  696.356     0.764    -3.787     3.105    23.355    16.401    12.122
 696.356  699.300    23.431     1.617   -10.289    23.519    16.457    11.933
 699.300  702.244    -4.426     1.355    -5.122    23.317    16.455    12.007
